solid sphere_translated.stl
facet normal 0.078221 0.078221 0.993863
  outer loop
    vertex 12.564340 11.000000 20.876881
    vertex 11.000000 12.564340 20.876881
    vertex 11.000000 11.000000 21.000000
  endloop
endfacet
facet normal 0.128384 0.128384 0.983379
  outer loop
    vertex 12.564340 11.000000 20.876881
    vertex 13.185080 13.185080 20.510571
    vertex 11.000000 12.564340 20.876881
  endloop
endfacet
facet normal 0.232356 0.096245 0.967857
  outer loop
    vertex 14.090170 11.000000 20.510571
    vertex 13.185080 13.185080 20.510571
    vertex 12.564340 11.000000 20.876881
  endloop
endfacet
facet normal 0.316620 0.131148 0.939442
  outer loop
    vertex 14.090170 11.000000 20.510571
    vertex 14.931670 13.269950 19.910070
    vertex 13.185080 13.185080 20.510571
  endloop
endfacet
facet normal 0.096245 0.232356 0.967857
  outer loop
    vertex 13.185080 13.185080 20.510571
    vertex 11.000000 14.090170 20.510571
    vertex 11.000000 12.564340 20.876881
  endloop
endfacet
facet normal 0.131148 0.316620 0.939442
  outer loop
    vertex 13.185080 13.185080 20.510571
    vertex 13.269950 14.931670 19.910070
    vertex 11.000000 14.090170 20.510571
  endloop
endfacet
facet normal 0.380689 0.102005 0.919060
  outer loop
    vertex 15.539900 11.000000 19.910070
    vertex 14.931670 13.269950 19.910070
    vertex 14.090170 11.000000 20.510571
  endloop
endfacet
facet normal 0.477342 0.127903 0.869359
  outer loop
    vertex 15.539900 11.000000 19.910070
    vertex 16.430429 13.249360 19.090170
    vertex 14.931670 13.269950 19.910070
  endloop
endfacet
facet normal 0.297458 0.297458 0.907214
  outer loop
    vertex 14.931670 13.269950 19.910070
    vertex 13.269950 14.931670 19.910070
    vertex 13.185080 13.185080 20.510571
  endloop
endfacet
facet normal 0.340432 0.340432 0.876477
  outer loop
    vertex 14.931670 13.269950 19.910070
    vertex 15.156270 15.156270 19.090170
    vertex 13.269950 14.931670 19.910070
  endloop
endfacet
facet normal 0.102005 0.380689 0.919060
  outer loop
    vertex 13.269950 14.931670 19.910070
    vertex 11.000000 15.539900 19.910070
    vertex 11.000000 14.090170 20.510571
  endloop
endfacet
facet normal 0.127903 0.477342 0.869359
  outer loop
    vertex 13.269950 14.931670 19.910070
    vertex 13.249360 16.430429 19.090170
    vertex 11.000000 15.539900 19.910070
  endloop
endfacet
facet normal 0.519701 0.103374 0.848071
  outer loop
    vertex 16.877850 11.000000 19.090170
    vertex 16.430429 13.249360 19.090170
    vertex 15.539900 11.000000 19.910070
  endloop
endfacet
facet normal 0.617625 0.122852 0.776819
  outer loop
    vertex 16.877850 11.000000 19.090170
    vertex 17.724991 13.185080 18.071070
    vertex 16.430429 13.249360 19.090170
  endloop
endfacet
facet normal 0.459951 0.307330 0.833062
  outer loop
    vertex 16.430429 13.249360 19.090170
    vertex 15.156270 15.156270 19.090170
    vertex 14.931670 13.269950 19.910070
  endloop
endfacet
facet normal 0.512803 0.342645 0.787164
  outer loop
    vertex 16.430429 13.249360 19.090170
    vertex 16.720610 15.156270 18.071070
    vertex 15.156270 15.156270 19.090170
  endloop
endfacet
facet normal 0.307330 0.459951 0.833062
  outer loop
    vertex 15.156270 15.156270 19.090170
    vertex 13.249360 16.430429 19.090170
    vertex 13.269950 14.931670 19.910070
  endloop
endfacet
facet normal 0.342645 0.512803 0.787164
  outer loop
    vertex 15.156270 15.156270 19.090170
    vertex 15.156270 16.720610 18.071070
    vertex 13.249360 16.430429 19.090170
  endloop
endfacet
facet normal 0.103374 0.519701 0.848071
  outer loop
    vertex 13.249360 16.430429 19.090170
    vertex 11.000000 16.877850 19.090170
    vertex 11.000000 15.539900 19.910070
  endloop
endfacet
facet normal 0.122852 0.617625 0.776819
  outer loop
    vertex 13.249360 16.430429 19.090170
    vertex 13.185080 17.724991 18.071070
    vertex 11.000000 16.877850 19.090170
  endloop
endfacet
facet normal 0.646037 0.102321 0.756417
  outer loop
    vertex 18.071070 11.000000 18.071070
    vertex 17.724991 13.185080 18.071070
    vertex 16.877850 11.000000 19.090170
  endloop
endfacet
facet normal 0.737842 0.116861 0.664780
  outer loop
    vertex 18.071070 11.000000 18.071070
    vertex 18.814499 13.093890 16.877850
    vertex 17.724991 13.185080 18.071070
  endloop
endfacet
facet normal 0.598399 0.304902 0.740914
  outer loop
    vertex 17.724991 13.185080 18.071070
    vertex 16.720610 15.156270 18.071070
    vertex 16.430429 13.249360 19.090170
  endloop
endfacet
facet normal 0.656456 0.334484 0.676155
  outer loop
    vertex 17.724991 13.185080 18.071070
    vertex 18.006290 15.045080 16.877850
    vertex 16.720610 15.156270 18.071070
  endloop
endfacet
facet normal 0.479117 0.479117 0.735455
  outer loop
    vertex 16.720610 15.156270 18.071070
    vertex 15.156270 16.720610 18.071070
    vertex 15.156270 15.156270 19.090170
  endloop
endfacet
facet normal 0.518561 0.518561 0.679845
  outer loop
    vertex 16.720610 15.156270 18.071070
    vertex 16.720610 16.720610 16.877850
    vertex 15.156270 16.720610 18.071070
  endloop
endfacet
facet normal 0.304902 0.598399 0.740914
  outer loop
    vertex 15.156270 16.720610 18.071070
    vertex 13.185080 17.724991 18.071070
    vertex 13.249360 16.430429 19.090170
  endloop
endfacet
facet normal 0.334484 0.656456 0.676155
  outer loop
    vertex 15.156270 16.720610 18.071070
    vertex 15.045080 18.006290 16.877850
    vertex 13.185080 17.724991 18.071070
  endloop
endfacet
facet normal 0.102321 0.646037 0.756417
  outer loop
    vertex 13.185080 17.724991 18.071070
    vertex 11.000000 18.071070 18.071070
    vertex 11.000000 16.877850 19.090170
  endloop
endfacet
facet normal 0.116861 0.737842 0.664780
  outer loop
    vertex 13.185080 17.724991 18.071070
    vertex 13.093890 18.814499 16.877850
    vertex 11.000000 18.071070 18.071070
  endloop
endfacet
facet normal 0.756626 0.099614 0.646216
  outer loop
    vertex 19.090170 11.000000 16.877850
    vertex 18.814499 13.093890 16.877850
    vertex 18.071070 11.000000 18.071070
  endloop
endfacet
facet normal 0.836792 0.110168 0.536324
  outer loop
    vertex 19.090170 11.000000 16.877850
    vertex 19.686670 12.982680 15.539900
    vertex 18.814499 13.093890 16.877850
  endloop
endfacet
facet normal 0.716393 0.296739 0.631448
  outer loop
    vertex 18.814499 13.093890 16.877850
    vertex 18.006290 15.045080 16.877850
    vertex 17.724991 13.185080 18.071070
  endloop
endfacet
facet normal 0.773185 0.320263 0.547372
  outer loop
    vertex 18.814499 13.093890 16.877850
    vertex 19.027691 14.865931 15.539900
    vertex 18.006290 15.045080 16.877850
  endloop
endfacet
facet normal 0.620079 0.475804 0.623790
  outer loop
    vertex 18.006290 15.045080 16.877850
    vertex 16.720610 16.720610 16.877850
    vertex 16.720610 15.156270 18.071070
  endloop
endfacet
facet normal 0.661114 0.507292 0.552796
  outer loop
    vertex 18.006290 15.045080 16.877850
    vertex 17.966169 16.555330 15.539900
    vertex 16.720610 16.720610 16.877850
  endloop
endfacet
facet normal 0.475804 0.620079 0.623790
  outer loop
    vertex 16.720610 16.720610 16.877850
    vertex 15.045080 18.006290 16.877850
    vertex 15.156270 16.720610 18.071070
  endloop
endfacet
facet normal 0.507292 0.661114 0.552796
  outer loop
    vertex 16.720610 16.720610 16.877850
    vertex 16.555330 17.966169 15.539900
    vertex 15.045080 18.006290 16.877850
  endloop
endfacet
facet normal 0.296739 0.716393 0.631448
  outer loop
    vertex 15.045080 18.006290 16.877850
    vertex 13.093890 18.814499 16.877850
    vertex 13.185080 17.724991 18.071070
  endloop
endfacet
facet normal 0.320263 0.773185 0.547372
  outer loop
    vertex 15.045080 18.006290 16.877850
    vertex 14.865931 19.027691 15.539900
    vertex 13.093890 18.814499 16.877850
  endloop
endfacet
facet normal 0.099614 0.756626 0.646216
  outer loop
    vertex 13.093890 18.814499 16.877850
    vertex 11.000000 19.090170 16.877850
    vertex 11.000000 18.071070 18.071070
  endloop
endfacet
facet normal 0.110168 0.836792 0.536324
  outer loop
    vertex 13.093890 18.814499 16.877850
    vertex 12.982680 19.686670 15.539900
    vertex 11.000000 19.090170 16.877850
  endloop
endfacet
facet normal 0.848731 0.095631 0.520106
  outer loop
    vertex 19.910070 11.000000 15.539900
    vertex 19.686670 12.982680 15.539900
    vertex 19.090170 11.000000 16.877850
  endloop
endfacet
facet normal 0.913010 0.102874 0.394752
  outer loop
    vertex 19.910070 11.000000 15.539900
    vertex 20.327820 12.855420 14.090170
    vertex 19.686670 12.982680 15.539900
  endloop
endfacet
facet normal 0.813706 0.284729 0.506766
  outer loop
    vertex 19.686670 12.982680 15.539900
    vertex 19.027691 14.865931 15.539900
    vertex 18.814499 13.093890 16.877850
  endloop
endfacet
facet normal 0.863139 0.302026 0.404687
  outer loop
    vertex 19.686670 12.982680 15.539900
    vertex 19.786621 14.639540 14.090170
    vertex 19.027691 14.865931 15.539900
  endloop
endfacet
facet normal 0.733981 0.461191 0.498573
  outer loop
    vertex 19.027691 14.865931 15.539900
    vertex 17.966169 16.555330 15.539900
    vertex 18.006290 15.045080 16.877850
  endloop
endfacet
facet normal 0.772064 0.485120 0.410580
  outer loop
    vertex 19.027691 14.865931 15.539900
    vertex 18.907749 16.283791 14.090170
    vertex 17.966169 16.555330 15.539900
  endloop
endfacet
facet normal 0.614073 0.614073 0.495811
  outer loop
    vertex 17.966169 16.555330 15.539900
    vertex 16.555330 17.966169 15.539900
    vertex 16.720610 16.720610 16.877850
  endloop
endfacet
facet normal 0.644133 0.644133 0.412536
  outer loop
    vertex 17.966169 16.555330 15.539900
    vertex 17.724991 17.724991 14.090170
    vertex 16.555330 17.966169 15.539900
  endloop
endfacet
facet normal 0.461191 0.733981 0.498573
  outer loop
    vertex 16.555330 17.966169 15.539900
    vertex 14.865931 19.027691 15.539900
    vertex 15.045080 18.006290 16.877850
  endloop
endfacet
facet normal 0.485120 0.772064 0.410580
  outer loop
    vertex 16.555330 17.966169 15.539900
    vertex 16.283791 18.907749 14.090170
    vertex 14.865931 19.027691 15.539900
  endloop
endfacet
facet normal 0.284729 0.813706 0.506766
  outer loop
    vertex 14.865931 19.027691 15.539900
    vertex 12.982680 19.686670 15.539900
    vertex 13.093890 18.814499 16.877850
  endloop
endfacet
facet normal 0.302026 0.863139 0.404687
  outer loop
    vertex 14.865931 19.027691 15.539900
    vertex 14.639540 19.786621 14.090170
    vertex 12.982680 19.686670 15.539900
  endloop
endfacet
facet normal 0.095631 0.848731 0.520106
  outer loop
    vertex 12.982680 19.686670 15.539900
    vertex 11.000000 19.910070 15.539900
    vertex 11.000000 19.090170 16.877850
  endloop
endfacet
facet normal 0.102874 0.913010 0.394752
  outer loop
    vertex 12.982680 19.686670 15.539900
    vertex 12.855420 20.327820 14.090170
    vertex 11.000000 19.910070 15.539900
  endloop
endfacet
facet normal 0.920078 0.090624 0.381110
  outer loop
    vertex 20.510571 11.000000 14.090170
    vertex 20.327820 12.855420 14.090170
    vertex 19.910070 11.000000 15.539900
  endloop
endfacet
facet normal 0.965191 0.095067 0.243658
  outer loop
    vertex 20.510571 11.000000 14.090170
    vertex 20.726830 12.715100 12.564340
    vertex 20.327820 12.855420 14.090170
  endloop
endfacet
facet normal 0.889192 0.269729 0.369572
  outer loop
    vertex 20.327820 12.855420 14.090170
    vertex 19.786621 14.639540 14.090170
    vertex 19.686670 12.982680 15.539900
  endloop
endfacet
facet normal 0.926046 0.280909 0.252051
  outer loop
    vertex 20.327820 12.855420 14.090170
    vertex 20.281231 14.378090 12.564340
    vertex 19.786621 14.639540 14.090170
  endloop
endfacet
facet normal 0.822182 0.439466 0.361783
  outer loop
    vertex 19.786621 14.639540 14.090170
    vertex 18.907749 16.283791 14.090170
    vertex 19.027691 14.865931 15.539900
  endloop
endfacet
facet normal 0.852152 0.455486 0.257622
  outer loop
    vertex 19.786621 14.639540 14.090170
    vertex 19.553631 15.938440 12.564340
    vertex 18.907749 16.283791 14.090170
  endloop
endfacet
facet normal 0.721820 0.592380 0.357857
  outer loop
    vertex 18.907749 16.283791 14.090170
    vertex 17.724991 17.724991 14.090170
    vertex 17.966169 16.555330 15.539900
  endloop
endfacet
facet normal 0.746344 0.612506 0.260398
  outer loop
    vertex 18.907749 16.283791 14.090170
    vertex 18.566130 17.348740 12.564340
    vertex 17.724991 17.724991 14.090170
  endloop
endfacet
facet normal 0.592380 0.721820 0.357857
  outer loop
    vertex 17.724991 17.724991 14.090170
    vertex 16.283791 18.907749 14.090170
    vertex 16.555330 17.966169 15.539900
  endloop
endfacet
facet normal 0.612506 0.746344 0.260398
  outer loop
    vertex 17.724991 17.724991 14.090170
    vertex 17.348740 18.566130 12.564340
    vertex 16.283791 18.907749 14.090170
  endloop
endfacet
facet normal 0.439466 0.822182 0.361783
  outer loop
    vertex 16.283791 18.907749 14.090170
    vertex 14.639540 19.786621 14.090170
    vertex 14.865931 19.027691 15.539900
  endloop
endfacet
facet normal 0.455486 0.852152 0.257622
  outer loop
    vertex 16.283791 18.907749 14.090170
    vertex 15.938440 19.553631 12.564340
    vertex 14.639540 19.786621 14.090170
  endloop
endfacet
facet normal 0.269729 0.889192 0.369572
  outer loop
    vertex 14.639540 19.786621 14.090170
    vertex 12.855420 20.327820 14.090170
    vertex 12.982680 19.686670 15.539900
  endloop
endfacet
facet normal 0.280909 0.926046 0.252051
  outer loop
    vertex 14.639540 19.786621 14.090170
    vertex 14.378090 20.281231 12.564340
    vertex 12.855420 20.327820 14.090170
  endloop
endfacet
facet normal 0.090624 0.920078 0.381110
  outer loop
    vertex 12.855420 20.327820 14.090170
    vertex 11.000000 20.510571 14.090170
    vertex 11.000000 19.910070 15.539900
  endloop
endfacet
facet normal 0.095067 0.965191 0.243658
  outer loop
    vertex 12.855420 20.327820 14.090170
    vertex 12.715100 20.726830 12.564340
    vertex 11.000000 20.510571 14.090170
  endloop
endfacet
facet normal 0.968872 0.084765 0.232600
  outer loop
    vertex 20.876881 11.000000 12.564340
    vertex 20.726830 12.715100 12.564340
    vertex 20.510571 11.000000 14.090170
  endloop
endfacet
facet normal 0.992433 0.086826 0.086826
  outer loop
    vertex 20.876881 11.000000 12.564340
    vertex 20.876881 12.564340 11.000000
    vertex 20.726830 12.715100 12.564340
  endloop
endfacet
facet normal 0.941596 0.252301 0.223028
  outer loop
    vertex 20.726830 12.715100 12.564340
    vertex 20.281231 14.378090 12.564340
    vertex 20.327820 12.855420 14.090170
  endloop
endfacet
facet normal 0.961689 0.257685 0.093561
  outer loop
    vertex 20.726830 12.715100 12.564340
    vertex 20.510571 14.090170 11.000000
    vertex 20.281231 14.378090 12.564340
  endloop
endfacet
facet normal 0.884886 0.412627 0.216139
  outer loop
    vertex 20.281231 14.378090 12.564340
    vertex 19.553631 15.938440 12.564340
    vertex 19.786621 14.639540 14.090170
  endloop
endfacet
facet normal 0.901914 0.420568 0.098358
  outer loop
    vertex 20.281231 14.378090 12.564340
    vertex 19.910070 15.539900 11.000000
    vertex 19.553631 15.938440 12.564340
  endloop
endfacet
facet normal 0.800534 0.560539 0.211995
  outer loop
    vertex 19.553631 15.938440 12.564340
    vertex 18.566130 17.348740 12.564340
    vertex 18.907749 16.283791 14.090170
  endloop
endfacet
facet normal 0.814944 0.570630 0.101231
  outer loop
    vertex 19.553631 15.938440 12.564340
    vertex 19.090170 16.877850 11.000000
    vertex 18.566130 17.348740 12.564340
  endloop
endfacet
facet normal 0.691247 0.691247 0.210608
  outer loop
    vertex 18.566130 17.348740 12.564340
    vertex 17.348740 18.566130 12.564340
    vertex 17.724991 17.724991 14.090170
  endloop
endfacet
facet normal 0.703405 0.703405 0.102192
  outer loop
    vertex 18.566130 17.348740 12.564340
    vertex 18.071070 18.071070 11.000000
    vertex 17.348740 18.566130 12.564340
  endloop
endfacet
facet normal 0.560539 0.800534 0.211995
  outer loop
    vertex 17.348740 18.566130 12.564340
    vertex 15.938440 19.553631 12.564340
    vertex 16.283791 18.907749 14.090170
  endloop
endfacet
facet normal 0.570630 0.814944 0.101231
  outer loop
    vertex 17.348740 18.566130 12.564340
    vertex 16.877850 19.090170 11.000000
    vertex 15.938440 19.553631 12.564340
  endloop
endfacet
facet normal 0.412627 0.884886 0.216139
  outer loop
    vertex 15.938440 19.553631 12.564340
    vertex 14.378090 20.281231 12.564340
    vertex 14.639540 19.786621 14.090170
  endloop
endfacet
facet normal 0.420568 0.901914 0.098358
  outer loop
    vertex 15.938440 19.553631 12.564340
    vertex 15.539900 19.910070 11.000000
    vertex 14.378090 20.281231 12.564340
  endloop
endfacet
facet normal 0.252301 0.941596 0.223028
  outer loop
    vertex 14.378090 20.281231 12.564340
    vertex 12.715100 20.726830 12.564340
    vertex 12.855420 20.327820 14.090170
  endloop
endfacet
facet normal 0.257685 0.961689 0.093561
  outer loop
    vertex 14.378090 20.281231 12.564340
    vertex 14.090170 20.510571 11.000000
    vertex 12.715100 20.726830 12.564340
  endloop
endfacet
facet normal 0.084765 0.968872 0.232600
  outer loop
    vertex 12.715100 20.726830 12.564340
    vertex 11.000000 20.876881 12.564340
    vertex 11.000000 20.510571 14.090170
  endloop
endfacet
facet normal 0.086826 0.992433 0.086826
  outer loop
    vertex 12.715100 20.726830 12.564340
    vertex 12.564340 20.876881 11.000000
    vertex 11.000000 20.876881 12.564340
  endloop
endfacet
facet normal 0.993863 0.078221 0.078221
  outer loop
    vertex 21.000000 11.000000 11.000000
    vertex 20.876881 12.564340 11.000000
    vertex 20.876881 11.000000 12.564340
  endloop
endfacet
facet normal 0.969945 0.232857 0.070596
  outer loop
    vertex 20.876881 12.564340 11.000000
    vertex 20.510571 14.090170 11.000000
    vertex 20.726830 12.715100 12.564340
  endloop
endfacet
facet normal 0.921933 0.381879 0.064874
  outer loop
    vertex 20.510571 14.090170 11.000000
    vertex 19.910070 15.539900 11.000000
    vertex 20.281231 14.378090 12.564340
  endloop
endfacet
facet normal 0.851049 0.521526 0.061047
  outer loop
    vertex 19.910070 15.539900 11.000000
    vertex 19.090170 16.877850 11.000000
    vertex 19.553631 15.938440 12.564340
  endloop
endfacet
facet normal 0.759077 0.648309 0.059133
  outer loop
    vertex 19.090170 16.877850 11.000000
    vertex 18.071070 18.071070 11.000000
    vertex 18.566130 17.348740 12.564340
  endloop
endfacet
facet normal 0.648309 0.759077 0.059133
  outer loop
    vertex 18.071070 18.071070 11.000000
    vertex 16.877850 19.090170 11.000000
    vertex 17.348740 18.566130 12.564340
  endloop
endfacet
facet normal 0.521526 0.851049 0.061047
  outer loop
    vertex 16.877850 19.090170 11.000000
    vertex 15.539900 19.910070 11.000000
    vertex 15.938440 19.553631 12.564340
  endloop
endfacet
facet normal 0.381879 0.921933 0.064874
  outer loop
    vertex 15.539900 19.910070 11.000000
    vertex 14.090170 20.510571 11.000000
    vertex 14.378090 20.281231 12.564340
  endloop
endfacet
facet normal 0.232857 0.969945 0.070596
  outer loop
    vertex 14.090170 20.510571 11.000000
    vertex 12.564340 20.876881 11.000000
    vertex 12.715100 20.726830 12.564340
  endloop
endfacet
facet normal 0.078221 0.993863 0.078221
  outer loop
    vertex 12.564340 20.876881 11.000000
    vertex 11.000000 21.000000 11.000000
    vertex 11.000000 20.876881 12.564340
  endloop
endfacet
facet normal -0.078221 0.078221 0.993863
  outer loop
    vertex 11.000000 12.564340 20.876881
    vertex 9.435660 11.000000 20.876881
    vertex 11.000000 11.000000 21.000000
  endloop
endfacet
facet normal -0.128384 0.128384 0.983379
  outer loop
    vertex 11.000000 12.564340 20.876881
    vertex 8.814920 13.185080 20.510571
    vertex 9.435660 11.000000 20.876881
  endloop
endfacet
facet normal -0.096245 0.232356 0.967857
  outer loop
    vertex 11.000000 14.090170 20.510571
    vertex 8.814920 13.185080 20.510571
    vertex 11.000000 12.564340 20.876881
  endloop
endfacet
facet normal -0.131148 0.316620 0.939442
  outer loop
    vertex 11.000000 14.090170 20.510571
    vertex 8.730050 14.931670 19.910070
    vertex 8.814920 13.185080 20.510571
  endloop
endfacet
facet normal -0.232356 0.096245 0.967857
  outer loop
    vertex 8.814920 13.185080 20.510571
    vertex 7.909830 11.000000 20.510571
    vertex 9.435660 11.000000 20.876881
  endloop
endfacet
facet normal -0.316620 0.131148 0.939442
  outer loop
    vertex 8.814920 13.185080 20.510571
    vertex 7.068330 13.269950 19.910070
    vertex 7.909830 11.000000 20.510571
  endloop
endfacet
facet normal -0.102005 0.380689 0.919060
  outer loop
    vertex 11.000000 15.539900 19.910070
    vertex 8.730050 14.931670 19.910070
    vertex 11.000000 14.090170 20.510571
  endloop
endfacet
facet normal -0.127903 0.477342 0.869359
  outer loop
    vertex 11.000000 15.539900 19.910070
    vertex 8.750640 16.430429 19.090170
    vertex 8.730050 14.931670 19.910070
  endloop
endfacet
facet normal -0.297458 0.297458 0.907214
  outer loop
    vertex 8.730050 14.931670 19.910070
    vertex 7.068330 13.269950 19.910070
    vertex 8.814920 13.185080 20.510571
  endloop
endfacet
facet normal -0.340432 0.340432 0.876477
  outer loop
    vertex 8.730050 14.931670 19.910070
    vertex 6.843730 15.156270 19.090170
    vertex 7.068330 13.269950 19.910070
  endloop
endfacet
facet normal -0.380689 0.102005 0.919060
  outer loop
    vertex 7.068330 13.269950 19.910070
    vertex 6.460100 11.000000 19.910070
    vertex 7.909830 11.000000 20.510571
  endloop
endfacet
facet normal -0.477342 0.127903 0.869359
  outer loop
    vertex 7.068330 13.269950 19.910070
    vertex 5.569570 13.249360 19.090170
    vertex 6.460100 11.000000 19.910070
  endloop
endfacet
facet normal -0.103374 0.519701 0.848071
  outer loop
    vertex 11.000000 16.877850 19.090170
    vertex 8.750640 16.430429 19.090170
    vertex 11.000000 15.539900 19.910070
  endloop
endfacet
facet normal -0.122852 0.617625 0.776819
  outer loop
    vertex 11.000000 16.877850 19.090170
    vertex 8.814920 17.724991 18.071070
    vertex 8.750640 16.430429 19.090170
  endloop
endfacet
facet normal -0.307330 0.459951 0.833062
  outer loop
    vertex 8.750640 16.430429 19.090170
    vertex 6.843730 15.156270 19.090170
    vertex 8.730050 14.931670 19.910070
  endloop
endfacet
facet normal -0.342645 0.512803 0.787164
  outer loop
    vertex 8.750640 16.430429 19.090170
    vertex 6.843730 16.720610 18.071070
    vertex 6.843730 15.156270 19.090170
  endloop
endfacet
facet normal -0.459951 0.307330 0.833062
  outer loop
    vertex 6.843730 15.156270 19.090170
    vertex 5.569570 13.249360 19.090170
    vertex 7.068330 13.269950 19.910070
  endloop
endfacet
facet normal -0.512803 0.342645 0.787164
  outer loop
    vertex 6.843730 15.156270 19.090170
    vertex 5.279390 15.156270 18.071070
    vertex 5.569570 13.249360 19.090170
  endloop
endfacet
facet normal -0.519701 0.103374 0.848071
  outer loop
    vertex 5.569570 13.249360 19.090170
    vertex 5.122150 11.000000 19.090170
    vertex 6.460100 11.000000 19.910070
  endloop
endfacet
facet normal -0.617625 0.122852 0.776818
  outer loop
    vertex 5.569570 13.249360 19.090170
    vertex 4.275010 13.185080 18.071070
    vertex 5.122150 11.000000 19.090170
  endloop
endfacet
facet normal -0.102321 0.646037 0.756417
  outer loop
    vertex 11.000000 18.071070 18.071070
    vertex 8.814920 17.724991 18.071070
    vertex 11.000000 16.877850 19.090170
  endloop
endfacet
facet normal -0.116861 0.737842 0.664780
  outer loop
    vertex 11.000000 18.071070 18.071070
    vertex 8.906110 18.814499 16.877850
    vertex 8.814920 17.724991 18.071070
  endloop
endfacet
facet normal -0.304902 0.598399 0.740914
  outer loop
    vertex 8.814920 17.724991 18.071070
    vertex 6.843730 16.720610 18.071070
    vertex 8.750640 16.430429 19.090170
  endloop
endfacet
facet normal -0.334484 0.656456 0.676155
  outer loop
    vertex 8.814920 17.724991 18.071070
    vertex 6.954920 18.006290 16.877850
    vertex 6.843730 16.720610 18.071070
  endloop
endfacet
facet normal -0.479117 0.479117 0.735455
  outer loop
    vertex 6.843730 16.720610 18.071070
    vertex 5.279390 15.156270 18.071070
    vertex 6.843730 15.156270 19.090170
  endloop
endfacet
facet normal -0.518561 0.518561 0.679845
  outer loop
    vertex 6.843730 16.720610 18.071070
    vertex 5.279390 16.720610 16.877850
    vertex 5.279390 15.156270 18.071070
  endloop
endfacet
facet normal -0.598400 0.304902 0.740913
  outer loop
    vertex 5.279390 15.156270 18.071070
    vertex 4.275010 13.185080 18.071070
    vertex 5.569570 13.249360 19.090170
  endloop
endfacet
facet normal -0.656456 0.334484 0.676155
  outer loop
    vertex 5.279390 15.156270 18.071070
    vertex 3.993710 15.045080 16.877850
    vertex 4.275010 13.185080 18.071070
  endloop
endfacet
facet normal -0.646037 0.102322 0.756417
  outer loop
    vertex 4.275010 13.185080 18.071070
    vertex 3.928930 11.000000 18.071070
    vertex 5.122150 11.000000 19.090170
  endloop
endfacet
facet normal -0.737842 0.116862 0.664780
  outer loop
    vertex 4.275010 13.185080 18.071070
    vertex 3.185500 13.093890 16.877850
    vertex 3.928930 11.000000 18.071070
  endloop
endfacet
facet normal -0.099614 0.756626 0.646216
  outer loop
    vertex 11.000000 19.090170 16.877850
    vertex 8.906110 18.814499 16.877850
    vertex 11.000000 18.071070 18.071070
  endloop
endfacet
facet normal -0.110168 0.836792 0.536324
  outer loop
    vertex 11.000000 19.090170 16.877850
    vertex 9.017320 19.686670 15.539900
    vertex 8.906110 18.814499 16.877850
  endloop
endfacet
facet normal -0.296739 0.716393 0.631448
  outer loop
    vertex 8.906110 18.814499 16.877850
    vertex 6.954920 18.006290 16.877850
    vertex 8.814920 17.724991 18.071070
  endloop
endfacet
facet normal -0.320263 0.773185 0.547372
  outer loop
    vertex 8.906110 18.814499 16.877850
    vertex 7.134070 19.027691 15.539900
    vertex 6.954920 18.006290 16.877850
  endloop
endfacet
facet normal -0.475803 0.620079 0.623790
  outer loop
    vertex 6.954920 18.006290 16.877850
    vertex 5.279390 16.720610 16.877850
    vertex 6.843730 16.720610 18.071070
  endloop
endfacet
facet normal -0.507292 0.661115 0.552795
  outer loop
    vertex 6.954920 18.006290 16.877850
    vertex 5.444670 17.966169 15.539900
    vertex 5.279390 16.720610 16.877850
  endloop
endfacet
facet normal -0.620079 0.475803 0.623790
  outer loop
    vertex 5.279390 16.720610 16.877850
    vertex 3.993710 15.045080 16.877850
    vertex 5.279390 15.156270 18.071070
  endloop
endfacet
facet normal -0.661115 0.507291 0.552796
  outer loop
    vertex 5.279390 16.720610 16.877850
    vertex 4.033830 16.555330 15.539900
    vertex 3.993710 15.045080 16.877850
  endloop
endfacet
facet normal -0.716392 0.296740 0.631449
  outer loop
    vertex 3.993710 15.045080 16.877850
    vertex 3.185500 13.093890 16.877850
    vertex 4.275010 13.185080 18.071070
  endloop
endfacet
facet normal -0.773185 0.320264 0.547372
  outer loop
    vertex 3.993710 15.045080 16.877850
    vertex 2.972310 14.865931 15.539900
    vertex 3.185500 13.093890 16.877850
  endloop
endfacet
facet normal -0.756626 0.099613 0.646215
  outer loop
    vertex 3.185500 13.093890 16.877850
    vertex 2.909830 11.000000 16.877850
    vertex 3.928930 11.000000 18.071070
  endloop
endfacet
facet normal -0.836792 0.110167 0.536323
  outer loop
    vertex 3.185500 13.093890 16.877850
    vertex 2.313330 12.982680 15.539900
    vertex 2.909830 11.000000 16.877850
  endloop
endfacet
facet normal -0.095631 0.848731 0.520106
  outer loop
    vertex 11.000000 19.910070 15.539900
    vertex 9.017320 19.686670 15.539900
    vertex 11.000000 19.090170 16.877850
  endloop
endfacet
facet normal -0.102874 0.913010 0.394752
  outer loop
    vertex 11.000000 19.910070 15.539900
    vertex 9.144580 20.327820 14.090170
    vertex 9.017320 19.686670 15.539900
  endloop
endfacet
facet normal -0.284729 0.813706 0.506765
  outer loop
    vertex 9.017320 19.686670 15.539900
    vertex 7.134070 19.027691 15.539900
    vertex 8.906110 18.814499 16.877850
  endloop
endfacet
facet normal -0.302026 0.863139 0.404687
  outer loop
    vertex 9.017320 19.686670 15.539900
    vertex 7.360460 19.786621 14.090170
    vertex 7.134070 19.027691 15.539900
  endloop
endfacet
facet normal -0.461191 0.733981 0.498573
  outer loop
    vertex 7.134070 19.027691 15.539900
    vertex 5.444670 17.966169 15.539900
    vertex 6.954920 18.006290 16.877850
  endloop
endfacet
facet normal -0.485120 0.772064 0.410580
  outer loop
    vertex 7.134070 19.027691 15.539900
    vertex 5.716210 18.907749 14.090170
    vertex 5.444670 17.966169 15.539900
  endloop
endfacet
facet normal -0.614073 0.614073 0.495811
  outer loop
    vertex 5.444670 17.966169 15.539900
    vertex 4.033830 16.555330 15.539900
    vertex 5.279390 16.720610 16.877850
  endloop
endfacet
facet normal -0.644133 0.644133 0.412536
  outer loop
    vertex 5.444670 17.966169 15.539900
    vertex 4.275010 17.724991 14.090170
    vertex 4.033830 16.555330 15.539900
  endloop
endfacet
facet normal -0.733981 0.461191 0.498573
  outer loop
    vertex 4.033830 16.555330 15.539900
    vertex 2.972310 14.865931 15.539900
    vertex 3.993710 15.045080 16.877850
  endloop
endfacet
facet normal -0.772064 0.485120 0.410580
  outer loop
    vertex 4.033830 16.555330 15.539900
    vertex 3.092250 16.283791 14.090170
    vertex 2.972310 14.865931 15.539900
  endloop
endfacet
facet normal -0.813707 0.284729 0.506765
  outer loop
    vertex 2.972310 14.865931 15.539900
    vertex 2.313330 12.982680 15.539900
    vertex 3.185500 13.093890 16.877850
  endloop
endfacet
facet normal -0.863139 0.302027 0.404687
  outer loop
    vertex 2.972310 14.865931 15.539900
    vertex 2.213380 14.639540 14.090170
    vertex 2.313330 12.982680 15.539900
  endloop
endfacet
facet normal -0.848731 0.095631 0.520106
  outer loop
    vertex 2.313330 12.982680 15.539900
    vertex 2.089930 11.000000 15.539900
    vertex 2.909830 11.000000 16.877850
  endloop
endfacet
facet normal -0.913010 0.102874 0.394752
  outer loop
    vertex 2.313330 12.982680 15.539900
    vertex 1.672180 12.855420 14.090170
    vertex 2.089930 11.000000 15.539900
  endloop
endfacet
facet normal -0.090624 0.920078 0.381110
  outer loop
    vertex 11.000000 20.510571 14.090170
    vertex 9.144580 20.327820 14.090170
    vertex 11.000000 19.910070 15.539900
  endloop
endfacet
facet normal -0.095067 0.965191 0.243658
  outer loop
    vertex 11.000000 20.510571 14.090170
    vertex 9.284900 20.726830 12.564340
    vertex 9.144580 20.327820 14.090170
  endloop
endfacet
facet normal -0.269729 0.889192 0.369572
  outer loop
    vertex 9.144580 20.327820 14.090170
    vertex 7.360460 19.786621 14.090170
    vertex 9.017320 19.686670 15.539900
  endloop
endfacet
facet normal -0.280909 0.926046 0.252051
  outer loop
    vertex 9.144580 20.327820 14.090170
    vertex 7.621910 20.281231 12.564340
    vertex 7.360460 19.786621 14.090170
  endloop
endfacet
facet normal -0.439466 0.822182 0.361783
  outer loop
    vertex 7.360460 19.786621 14.090170
    vertex 5.716210 18.907749 14.090170
    vertex 7.134070 19.027691 15.539900
  endloop
endfacet
facet normal -0.455486 0.852152 0.257622
  outer loop
    vertex 7.360460 19.786621 14.090170
    vertex 6.061560 19.553631 12.564340
    vertex 5.716210 18.907749 14.090170
  endloop
endfacet
facet normal -0.592380 0.721820 0.357857
  outer loop
    vertex 5.716210 18.907749 14.090170
    vertex 4.275010 17.724991 14.090170
    vertex 5.444670 17.966169 15.539900
  endloop
endfacet
facet normal -0.612506 0.746344 0.260398
  outer loop
    vertex 5.716210 18.907749 14.090170
    vertex 4.651260 18.566130 12.564340
    vertex 4.275010 17.724991 14.090170
  endloop
endfacet
facet normal -0.721819 0.592381 0.357857
  outer loop
    vertex 4.275010 17.724991 14.090170
    vertex 3.092250 16.283791 14.090170
    vertex 4.033830 16.555330 15.539900
  endloop
endfacet
facet normal -0.746343 0.612507 0.260398
  outer loop
    vertex 4.275010 17.724991 14.090170
    vertex 3.433870 17.348740 12.564340
    vertex 3.092250 16.283791 14.090170
  endloop
endfacet
facet normal -0.822182 0.439465 0.361783
  outer loop
    vertex 3.092250 16.283791 14.090170
    vertex 2.213380 14.639540 14.090170
    vertex 2.972310 14.865931 15.539900
  endloop
endfacet
facet normal -0.852153 0.455485 0.257621
  outer loop
    vertex 3.092250 16.283791 14.090170
    vertex 2.446370 15.938440 12.564340
    vertex 2.213380 14.639540 14.090170
  endloop
endfacet
facet normal -0.889192 0.269730 0.369572
  outer loop
    vertex 2.213380 14.639540 14.090170
    vertex 1.672180 12.855420 14.090170
    vertex 2.313330 12.982680 15.539900
  endloop
endfacet
facet normal -0.926045 0.280909 0.252051
  outer loop
    vertex 2.213380 14.639540 14.090170
    vertex 1.718770 14.378090 12.564340
    vertex 1.672180 12.855420 14.090170
  endloop
endfacet
facet normal -0.920078 0.090623 0.381110
  outer loop
    vertex 1.672180 12.855420 14.090170
    vertex 1.489430 11.000000 14.090170
    vertex 2.089930 11.000000 15.539900
  endloop
endfacet
facet normal -0.965191 0.095067 0.243658
  outer loop
    vertex 1.672180 12.855420 14.090170
    vertex 1.273170 12.715100 12.564340
    vertex 1.489430 11.000000 14.090170
  endloop
endfacet
facet normal -0.084765 0.968872 0.232600
  outer loop
    vertex 11.000000 20.876881 12.564340
    vertex 9.284900 20.726830 12.564340
    vertex 11.000000 20.510571 14.090170
  endloop
endfacet
facet normal -0.086826 0.992433 0.086826
  outer loop
    vertex 11.000000 20.876881 12.564340
    vertex 9.435660 20.876881 11.000000
    vertex 9.284900 20.726830 12.564340
  endloop
endfacet
facet normal -0.252301 0.941596 0.223028
  outer loop
    vertex 9.284900 20.726830 12.564340
    vertex 7.621910 20.281231 12.564340
    vertex 9.144580 20.327820 14.090170
  endloop
endfacet
facet normal -0.257685 0.961689 0.093561
  outer loop
    vertex 9.284900 20.726830 12.564340
    vertex 7.909830 20.510571 11.000000
    vertex 7.621910 20.281231 12.564340
  endloop
endfacet
facet normal -0.412627 0.884886 0.216139
  outer loop
    vertex 7.621910 20.281231 12.564340
    vertex 6.061560 19.553631 12.564340
    vertex 7.360460 19.786621 14.090170
  endloop
endfacet
facet normal -0.420568 0.901914 0.098358
  outer loop
    vertex 7.621910 20.281231 12.564340
    vertex 6.460100 19.910070 11.000000
    vertex 6.061560 19.553631 12.564340
  endloop
endfacet
facet normal -0.560539 0.800534 0.211995
  outer loop
    vertex 6.061560 19.553631 12.564340
    vertex 4.651260 18.566130 12.564340
    vertex 5.716210 18.907749 14.090170
  endloop
endfacet
facet normal -0.570629 0.814944 0.101231
  outer loop
    vertex 6.061560 19.553631 12.564340
    vertex 5.122150 19.090170 11.000000
    vertex 4.651260 18.566130 12.564340
  endloop
endfacet
facet normal -0.691247 0.691247 0.210609
  outer loop
    vertex 4.651260 18.566130 12.564340
    vertex 3.433870 17.348740 12.564340
    vertex 4.275010 17.724991 14.090170
  endloop
endfacet
facet normal -0.703405 0.703405 0.102192
  outer loop
    vertex 4.651260 18.566130 12.564340
    vertex 3.928930 18.071070 11.000000
    vertex 3.433870 17.348740 12.564340
  endloop
endfacet
facet normal -0.800534 0.560539 0.211994
  outer loop
    vertex 3.433870 17.348740 12.564340
    vertex 2.446370 15.938440 12.564340
    vertex 3.092250 16.283791 14.090170
  endloop
endfacet
facet normal -0.814945 0.570629 0.101231
  outer loop
    vertex 3.433870 17.348740 12.564340
    vertex 2.909830 16.877850 11.000000
    vertex 2.446370 15.938440 12.564340
  endloop
endfacet
facet normal -0.884886 0.412627 0.216139
  outer loop
    vertex 2.446370 15.938440 12.564340
    vertex 1.718770 14.378090 12.564340
    vertex 2.213380 14.639540 14.090170
  endloop
endfacet
facet normal -0.901914 0.420567 0.098358
  outer loop
    vertex 2.446370 15.938440 12.564340
    vertex 2.089930 15.539900 11.000000
    vertex 1.718770 14.378090 12.564340
  endloop
endfacet
facet normal -0.941596 0.252301 0.223028
  outer loop
    vertex 1.718770 14.378090 12.564340
    vertex 1.273170 12.715100 12.564340
    vertex 1.672180 12.855420 14.090170
  endloop
endfacet
facet normal -0.961688 0.257685 0.093561
  outer loop
    vertex 1.718770 14.378090 12.564340
    vertex 1.489430 14.090170 11.000000
    vertex 1.273170 12.715100 12.564340
  endloop
endfacet
facet normal -0.968872 0.084764 0.232600
  outer loop
    vertex 1.273170 12.715100 12.564340
    vertex 1.123120 11.000000 12.564340
    vertex 1.489430 11.000000 14.090170
  endloop
endfacet
facet normal -0.992433 0.086826 0.086826
  outer loop
    vertex 1.273170 12.715100 12.564340
    vertex 1.123120 12.564340 11.000000
    vertex 1.123120 11.000000 12.564340
  endloop
endfacet
facet normal -0.078221 0.993863 0.078221
  outer loop
    vertex 11.000000 21.000000 11.000000
    vertex 9.435660 20.876881 11.000000
    vertex 11.000000 20.876881 12.564340
  endloop
endfacet
facet normal -0.232857 0.969945 0.070596
  outer loop
    vertex 9.435660 20.876881 11.000000
    vertex 7.909830 20.510571 11.000000
    vertex 9.284900 20.726830 12.564340
  endloop
endfacet
facet normal -0.381879 0.921933 0.064874
  outer loop
    vertex 7.909830 20.510571 11.000000
    vertex 6.460100 19.910070 11.000000
    vertex 7.621910 20.281231 12.564340
  endloop
endfacet
facet normal -0.521526 0.851049 0.061047
  outer loop
    vertex 6.460100 19.910070 11.000000
    vertex 5.122150 19.090170 11.000000
    vertex 6.061560 19.553631 12.564340
  endloop
endfacet
facet normal -0.648309 0.759077 0.059133
  outer loop
    vertex 5.122150 19.090170 11.000000
    vertex 3.928930 18.071070 11.000000
    vertex 4.651260 18.566130 12.564340
  endloop
endfacet
facet normal -0.759077 0.648309 0.059133
  outer loop
    vertex 3.928930 18.071070 11.000000
    vertex 2.909830 16.877850 11.000000
    vertex 3.433870 17.348740 12.564340
  endloop
endfacet
facet normal -0.851049 0.521526 0.061048
  outer loop
    vertex 2.909830 16.877850 11.000000
    vertex 2.089930 15.539900 11.000000
    vertex 2.446370 15.938440 12.564340
  endloop
endfacet
facet normal -0.921933 0.381878 0.064874
  outer loop
    vertex 2.089930 15.539900 11.000000
    vertex 1.489430 14.090170 11.000000
    vertex 1.718770 14.378090 12.564340
  endloop
endfacet
facet normal -0.969945 0.232857 0.070595
  outer loop
    vertex 1.489430 14.090170 11.000000
    vertex 1.123120 12.564340 11.000000
    vertex 1.273170 12.715100 12.564340
  endloop
endfacet
facet normal -0.993863 0.078221 0.078221
  outer loop
    vertex 1.123120 12.564340 11.000000
    vertex 1.000000 11.000000 11.000000
    vertex 1.123120 11.000000 12.564340
  endloop
endfacet
facet normal -0.078221 -0.078221 0.993863
  outer loop
    vertex 9.435660 11.000000 20.876881
    vertex 11.000000 9.435660 20.876881
    vertex 11.000000 11.000000 21.000000
  endloop
endfacet
facet normal -0.128384 -0.128384 0.983379
  outer loop
    vertex 9.435660 11.000000 20.876881
    vertex 8.814920 8.814920 20.510571
    vertex 11.000000 9.435660 20.876881
  endloop
endfacet
facet normal -0.232356 -0.096245 0.967857
  outer loop
    vertex 7.909830 11.000000 20.510571
    vertex 8.814920 8.814920 20.510571
    vertex 9.435660 11.000000 20.876881
  endloop
endfacet
facet normal -0.316620 -0.131148 0.939442
  outer loop
    vertex 7.909830 11.000000 20.510571
    vertex 7.068330 8.730050 19.910070
    vertex 8.814920 8.814920 20.510571
  endloop
endfacet
facet normal -0.096245 -0.232356 0.967857
  outer loop
    vertex 8.814920 8.814920 20.510571
    vertex 11.000000 7.909830 20.510571
    vertex 11.000000 9.435660 20.876881
  endloop
endfacet
facet normal -0.131148 -0.316620 0.939442
  outer loop
    vertex 8.814920 8.814920 20.510571
    vertex 8.730050 7.068330 19.910070
    vertex 11.000000 7.909830 20.510571
